name: rad
channels:
  - anaconda
  - conda-forge
  - defaults
dependencies:
  - absl-py=0.9.0=py37_0
  - astor=0.7.1=py_0
  - blas=1.0=mkl
  - ca-certificates=2020.1.1=0
  - certifi=2020.4.5.1=py37_0
  - cloudpickle=1.2.2=py_0
  - cycler=0.10.0=py37_0
  - cytoolz=0.10.1=py37he774522_0
  - dask-core=2.10.1=py_0
  - decorator=4.4.1=py_0
  - freetype=2.9.1=ha9979f8_1
  - gast=0.3.3=py_0
  - graphviz=2.38.0=4
  - grpcio=1.23.0=py37h3db2c7e_0
  - h5py=2.10.0=nompi_py37h422b98e_101
  - hdf5=1.10.5=nompi_ha405e13_1104
  - icc_rt=2019.0.0=h0cc432a_1
  - icu=58.2=ha66f8fd_1
  - imageio=2.6.1=py37_0
  - intel-openmp=2019.4=245
  - joblib=0.14.1=py_0
  - jpeg=9b=hb83a4c4_2
  - keras-applications=1.0.8=py_1
  - keras-preprocessing=1.1.0=py_0
  - kiwisolver=1.1.0=py37ha925a31_0
  - libblas=3.8.0=14_mkl
  - libcblas=3.8.0=14_mkl
  - libgpuarray=0.7.6=hfa6e2cd_1003
  - liblapack=3.8.0=14_mkl
  - libpng=1.6.37=h2a8f88b_0
  - libprotobuf=3.11.2=h1a1b453_0
  - libtiff=4.1.0=h56a325e_0
  - m2w64-gcc-libgfortran=5.3.0=6
  - m2w64-gcc-libs=5.3.0=7
  - m2w64-gcc-libs-core=5.3.0=7
  - m2w64-gmp=6.1.0=2
  - m2w64-libwinpthread-git=5.0.0.4634.697f757=2
  - mako=1.1.0=py_0
  - markdown=3.1.1=py_0
  - markupsafe=1.1.1=py37hfa6e2cd_0
  - matplotlib=3.1.3=py37_0
  - matplotlib-base=3.1.3=py37h64f37c6_0
  - mkl=2019.4=245
  - mkl-service=2.3.0=py37hfa6e2cd_0
  - msys2-conda-epoch=20160418=1
  - networkx=2.4=py_0
  - numpy=1.17.5=py37hc71023c_0
  - olefile=0.46=py37_0
  - openssl=1.1.1=he774522_0
  - pandas=1.0.0=py37h47e9c7a_0
  - pillow=7.0.0=py37hcc1f983_0
  - pip=20.0.2=py37_1
  - protobuf=3.11.2=py37he025d50_0
  - pygpu=0.7.6=py37hc8d92b1_1000
  - pyparsing=2.4.6=py_0
  - pyqt=5.9.2=py37h6538335_2
  - pyreadline=2.1=py37_1001
  - python=3.7.6=h60c2a47_2
  - python-dateutil=2.8.1=py_0
  - pytz=2019.3=py_0
  - pywavelets=1.1.1=py37he774522_0
  - pyyaml=5.3=py37hfa6e2cd_0
  - qt=5.9.7=vc14h73c81de_0
  - scikit-image=0.16.2=py37h47e9c7a_0
  - scikit-learn=0.22.1=py37h6288b17_0
  - scipy=1.4.1=py37h9439919_0
  - setuptools=45.1.0=py37_0
  - sip=4.19.8=py37h6538335_0
  - six=1.14.0=py37_0
  - sqlite=3.30.1=he774522_0
  - tensorboard=1.13.1=py37_0
  - tensorflow=1.13.1=h21ff451_7
  - tensorflow-base=1.13.1=py37_7
  - tensorflow-estimator=1.13.0=py37h39e3cac_0
  - termcolor=1.1.0=py_2
  - theano=1.0.4=py37h6538335_1001
  - tk=8.6.8=hfa6e2cd_0
  - toolz=0.10.0=py_0
  - tornado=6.0.3=py37he774522_0
  - vc=14.1=h0510ff6_4
  - vs2015_runtime=14.16.27012=hf0eaf9b_1
  - vs2015_win-64=14.0.25420=h55c1224_11
  - werkzeug=0.16.1=py_0
  - wheel=0.34.1=py37_0
  - wincertstore=0.2=py37_0
  - xz=5.2.4=h2fa13f4_4
  - yaml=0.2.2=hfa6e2cd_1
  - zlib=1.2.11=h2fa13f4_1006
  - zstd=1.3.7=h508b16e_0
  - pip:
    - cffi==1.13.2
    - click==7.0
    - colorama==0.4.3
    - enum34==1.1.6
    - flask==1.1.1
    - gevent==1.4.0
    - greenlet==0.4.15
    - imutils==0.5.3
    - itsdangerous==1.1.0
    - jinja2==2.11.1
    - keras==2.2.4
    - keras-sequential-ascii==0.1.1
    - opencv-python==4.2.0.32
    - plaidbench==0.7.0
    - plaidml==0.7.0
    - plaidml-keras==0.7.0
    - pycparser==2.19
    - pydot==1.4.1
prefix: C:\Users\hp\Anaconda3\envs\rad

